100, 300
0 64
0 30
1 70
2 80
2 39
2 68
3 19
4 25
4 88
5 90
5 79
6 65
6 90
7 33
7 8
8 53
8 91
8 67
8 7
8 3
9 36
9 17
9 43
9 40
10 85
10 44
10 30
10 94
10 84
11 90
11 7
11 25
12 43
12 6
12 5
12 15
12 30
13 61
13 49
14 21
14 37
14 49
15 78
16 69
17 38
17 49
17 54
17 13
18 23
18 2
19 66
19 5
19 44
19 4
19 43
20 69
20 97
20 21
20 66
20 60
21 97
21 3
21 17
21 92
22 67
22 35
23 29
23 8
23 58
23 28
23 68
23 55
24 50
24 88
24 78
25 70
25 46
26 54
26 73
26 97
26 25
27 57
27 14
28 79
28 25
29 19
30 21
30 35
30 19
31 83
31 18
32 0
32 72
32 23
33 66
34 57
34 73
34 37
35 2
35 79
35 68
35 22
36 11
36 95
36 91
36 31
37 27
37 32
37 87
37 33
39 0
39 60
39 96
39 64
40 52
41 98
41 17
41 86
41 38
41 57
42 96
42 68
42 19
42 63
42 91
44 86
44 87
44 10
44 72
45 17
45 78
45 85
45 79
45 31
46 9
46 51
46 75
47 49
47 24
47 63
47 29
47 45
47 91
48 46
49 69
49 86
49 33
49 60
49 28
49 35
50 25
50 27
50 89
50 94
51 85
51 36
52 22
52 40
52 86
52 25
52 45
53 19
53 74
53 58
54 50
54 75
56 55
56 99
57 66
57 4
57 48
57 13
58 28
58 25
58 45
59 75
59 33
60 78
60 74
60 70
60 72
60 76
60 88
61 13
61 31
61 46
62 78
62 3
62 72
63 50
65 83
65 9
65 32
66 21
66 64
66 4
67 88
67 55
68 6
69 92
69 34
69 0
69 99
70 2
70 71
70 46
70 89
71 91
71 14
71 68
73 68
73 72
73 66
74 1
74 73
74 21
75 22
75 15
76 55
76 39
76 36
76 10
76 40
77 95
78 56
78 54
78 62
78 39
79 36
80 26
80 88
80 14
80 25
80 65
81 79
81 50
81 29
81 90
81 25
81 11
82 33
82 75
82 95
82 10
83 99
83 24
84 6
85 10
85 21
85 27
86 7
86 53
86 28
86 85
86 56
87 20
87 42
87 56
88 69
88 45
88 32
88 38
89 12
89 83
89 21
90 56
90 62
91 45
91 11
91 6
92 37
92 61
92 38
92 50
92 5
92 96
92 44
93 77
93 70
93 92
94 69
95 12
95 61
95 18
96 18
96 39
96 5
97 57
98 5
98 53
98 97
99 47
99 57
99 94
99 63
99 68
99 1
99 71
99 69
99 64
